Training document feature measurements
Document  Unscaled dtrm features     Scaled dtrm features
01e_bad  [1, 0, 0, 0, 1, 0, 1, 0]  [1, 0, 0, 0, 1, 0, 0.33, 0]
02e_bad  [1, 0, 0, 0, 1, 0, 1, 0]  [1, 0, 0, 0, 1, 0, 0.33, 0]
03e_bad  [0, 0, 0, 1, 0, 1, 0, 0]  [0, 0, 0, 1, 0, 1, 0, 0]
04e_bad  [1, 0, 0, 0, 1, 0, 0, 0]  [1, 0, 0, 0, 1, 0, 0, 0]
05e_bad  [0, 0, 0, 0, 0, 1, 0, 0]  [0, 0, 0, 0, 0, 1, 0, 0]
06e_bad  [0, 0, 0, 0, 1, 1, 0, 0]  [0, 0, 0, 0, 1, 1, 0, 0]
07e_bad  [1, 0, 0, 1, 0, 0, 1, 0]  [1, 0, 0, 1, 0, 0, 0.33, 0]
08e_bad  [1, 0, 0, 0, 0, 0, 0, 0]  [1, 0, 0, 0, 0, 0, 0, 0]
09e_bad  [0, 0, 1, 0, 1, 0, 1, 0]  [0, 0, 1, 0, 1, 0, 0.33, 0]
10e_bad  [0, 0, 0, 0, 0, 1, 0, 0]  [0, 0, 0, 0, 0, 1, 0, 0]
11e_bad  [1, 0, 0, 0, 1, 0, 1, 0]  [1, 0, 0, 0, 1, 0, 0.33, 0]
12e_bad  [0, 0, 0, 0, 0, 1, 0, 0]  [0, 0, 0, 0, 0, 1, 0, 0]
13e_bad  [0, 0, 0, 0, 0, 1, 1, 0]  [0, 0, 0, 0, 0, 1, 0.33, 0]
14e_bad  [0, 1, 0, 0, 0, 1, 0, 0]  [0, 1, 0, 0, 0, 1, 0, 0]
15e_bad  [0, 0, 0, 0, 1, 0, 0, 0]  [0, 0, 0, 0, 1, 0, 0, 0]
16e_bad  [0, 0, 0, 0, 0, 1, 0, 0]  [0, 0, 0, 0, 0, 1, 0, 0]
17e_bad  [0, 0, 0, 1, 0, 0, 1, 0]  [0, 0, 0, 1, 0, 0, 0.33, 0]
18e_bad  [0, 0, 0, 1, 0, 1, 0, 0]  [0, 0, 0, 1, 0, 1, 0, 0]
19e_bad  [0, 1, 0, 0, 0, 1, 0, 0]  [0, 1, 0, 0, 0, 1, 0, 0]
20e_bad  [0, 0, 0, 0, 1, 0, 0, 0]  [0, 0, 0, 0, 1, 0, 0, 0]
21e_bad  [0, 1, 0, 0, 0, 0, 2, 0]  [0, 1, 0, 0, 0, 0, 0.67, 0]
22e_bad  [0, 0, 1, 0, 0, 0, 0, 0]  [0, 0, 1, 0, 0, 0, 0, 0]
23e_bad  [0, 0, 0, 0, 0, 1, 1, 0]  [0, 0, 0, 0, 0, 1, 0.33, 0]
24e_bad  [1, 0, 1, 0, 0, 0, 1, 0]  [1, 0, 1, 0, 0, 0, 0.33, 0]
25e_bad  [1, 0, 0, 0, 0, 0, 0, 0]  [1, 0, 0, 0, 0, 0, 0, 0]
26e_bad  [0, 0, 0, 0, 1, 0, 1, 0]  [0, 0, 0, 0, 1, 0, 0.33, 0]
27e_bad  [0, 0, 1, 1, 0, 0, 0, 0]  [0, 0, 1, 1, 0, 0, 0, 0]
28e_bad  [0, 0, 1, 0, 0, 0, 0, 0]  [0, 0, 1, 0, 0, 0, 0, 0]
29e_bad  [0, 0, 0, 1, 0, 0, 1, 0]  [0, 0, 0, 1, 0, 0, 0.33, 0]
30e_bad  [1, 0, 0, 1, 0, 0, 1, 1]  [1, 0, 0, 1, 0, 0, 0.33, 1]
31e_bad  [0, 0, 0, 1, 0, 0, 3, 0]  [0, 0, 0, 1, 0, 0, 1, 0]
32e_bad  [0, 0, 0, 0, 0, 1, 0, 0]  [0, 0, 0, 0, 0, 1, 0, 0]
33e_bad  [1, 0, 0, 0, 1, 0, 1, 0]  [1, 0, 0, 0, 1, 0, 0.33, 0]
34e_bad  [0, 0, 0, 0, 1, 1, 0, 0]  [0, 0, 0, 0, 1, 1, 0, 0]
35e_bad  [0, 0, 0, 0, 1, 0, 0, 0]  [0, 0, 0, 0, 1, 0, 0, 0]
36e_bad  [0, 1, 0, 0, 0, 0, 0, 0]  [0, 1, 0, 0, 0, 0, 0, 0]
37e_bad  [1, 0, 0, 0, 0, 0, 0, 0]  [1, 0, 0, 0, 0, 0, 0, 0]
38e_bad  [0, 0, 0, 0, 1, 0, 1, 0]  [0, 0, 0, 0, 1, 0, 0.33, 0]
39e_bad  [0, 0, 0, 0, 1, 0, 0, 0]  [0, 0, 0, 0, 1, 0, 0, 0]
40e_bad  [1, 0, 1, 0, 0, 0, 0, 0]  [1, 0, 1, 0, 0, 0, 0, 0]
01e  [0, 0, 0, 0, 0, 0, 1, 0]  [0, 0, 0, 0, 0, 0, 0.33, 0]
02e  [0, 0, 0, 0, 0, 0, 1, 0]  [0, 0, 0, 0, 0, 0, 0.33, 0]
03e  [0, 0, 0, 0, 0, 0, 0, 0]  [0, 0, 0, 0, 0, 0, 0, 0]
04e  [0, 0, 0, 0, 0, 0, 0, 0]  [0, 0, 0, 0, 0, 0, 0, 0]
05e  [0, 0, 0, 0, 0, 0, 0, 0]  [0, 0, 0, 0, 0, 0, 0, 0]
06e  [0, 0, 0, 0, 0, 0, 0, 0]  [0, 0, 0, 0, 0, 0, 0, 0]
07e  [0, 0, 0, 0, 0, 0, 1, 0]  [0, 0, 0, 0, 0, 0, 0.33, 0]
08e  [0, 0, 0, 0, 0, 0, 0, 0]  [0, 0, 0, 0, 0, 0, 0, 0]
09e  [0, 0, 0, 0, 0, 0, 1, 0]  [0, 0, 0, 0, 0, 0, 0.33, 0]
10e  [0, 0, 0, 0, 0, 0, 0, 0]  [0, 0, 0, 0, 0, 0, 0, 0]
11e  [0, 0, 0, 0, 0, 0, 1, 0]  [0, 0, 0, 0, 0, 0, 0.33, 0]
12e  [0, 0, 0, 0, 0, 0, 0, 0]  [0, 0, 0, 0, 0, 0, 0, 0]
13e  [0, 0, 0, 0, 0, 0, 1, 0]  [0, 0, 0, 0, 0, 0, 0.33, 0]
14e  [0, 0, 0, 0, 0, 0, 0, 0]  [0, 0, 0, 0, 0, 0, 0, 0]
15e  [0, 0, 0, 0, 0, 0, 0, 0]  [0, 0, 0, 0, 0, 0, 0, 0]
16e  [0, 0, 0, 0, 0, 0, 0, 0]  [0, 0, 0, 0, 0, 0, 0, 0]
17e  [0, 0, 0, 0, 0, 0, 1, 0]  [0, 0, 0, 0, 0, 0, 0.33, 0]
18e  [0, 0, 0, 0, 0, 0, 0, 0]  [0, 0, 0, 0, 0, 0, 0, 0]
19e  [0, 0, 0, 0, 0, 0, 0, 0]  [0, 0, 0, 0, 0, 0, 0, 0]
20e  [0, 0, 0, 0, 0, 0, 0, 0]  [0, 0, 0, 0, 0, 0, 0, 0]
21e  [0, 0, 0, 0, 0, 0, 2, 0]  [0, 0, 0, 0, 0, 0, 0.67, 0]
22e  [0, 0, 0, 0, 0, 0, 0, 0]  [0, 0, 0, 0, 0, 0, 0, 0]
23e  [0, 0, 0, 0, 0, 0, 1, 0]  [0, 0, 0, 0, 0, 0, 0.33, 0]
24e  [0, 0, 0, 0, 0, 0, 1, 0]  [0, 0, 0, 0, 0, 0, 0.33, 0]
25e  [0, 0, 0, 0, 0, 0, 0, 0]  [0, 0, 0, 0, 0, 0, 0, 0]
26e  [0, 0, 0, 0, 0, 0, 1, 0]  [0, 0, 0, 0, 0, 0, 0.33, 0]
27e  [0, 0, 0, 0, 0, 0, 0, 0]  [0, 0, 0, 0, 0, 0, 0, 0]
28e  [0, 0, 0, 0, 0, 0, 0, 0]  [0, 0, 0, 0, 0, 0, 0, 0]
29e  [0, 0, 0, 0, 0, 0, 1, 0]  [0, 0, 0, 0, 0, 0, 0.33, 0]
30e  [0, 0, 0, 0, 0, 0, 1, 1]  [0, 0, 0, 0, 0, 0, 0.33, 1]
31e  [0, 0, 0, 0, 0, 0, 3, 0]  [0, 0, 0, 0, 0, 0, 1, 0]
32e  [0, 0, 0, 0, 0, 0, 0, 0]  [0, 0, 0, 0, 0, 0, 0, 0]
33e  [0, 0, 0, 0, 0, 0, 1, 0]  [0, 0, 0, 0, 0, 0, 0.33, 0]
34e  [0, 0, 0, 0, 0, 0, 0, 0]  [0, 0, 0, 0, 0, 0, 0, 0]
35e  [0, 0, 0, 0, 0, 0, 0, 0]  [0, 0, 0, 0, 0, 0, 0, 0]
36e  [0, 0, 0, 0, 0, 0, 0, 0]  [0, 0, 0, 0, 0, 0, 0, 0]
37e  [0, 0, 0, 0, 0, 0, 0, 0]  [0, 0, 0, 0, 0, 0, 0, 0]
38e  [0, 0, 0, 0, 0, 0, 1, 0]  [0, 0, 0, 0, 0, 0, 0.33, 0]
39e  [0, 0, 0, 0, 0, 0, 0, 0]  [0, 0, 0, 0, 0, 0, 0, 0]
40e  [0, 0, 0, 0, 0, 0, 0, 0]  [0, 0, 0, 0, 0, 0, 0, 0]
Training labels (1 indicates grammatical error): 
 [1, 1, 1, 1, 1, 1, 1, 1, 1, 1, 1, 1, 1, 1, 1, 1, 1, 1, 1, 1, 1, 1, 1, 1, 1, 1, 1, 1, 1, 1, 1, 1, 1, 1, 1, 1, 1, 1, 1, 1, 0, 0, 0, 0, 0, 0, 0, 0, 0, 0, 0, 0, 0, 0, 0, 0, 0, 0, 0, 0, 0, 0, 0, 0, 0, 0, 0, 0, 0, 0, 0, 0, 0, 0, 0, 0, 0, 0, 0, 0]
Dtrm columns: [7, 8, 9, 10, 11, 12, 13, 25]
Test document feature measurements
Document Unscaled dtrm test features     Scaled dtrm test features
  cl01    [1, 0, 0, 0, 1, 0, 1, 0]      [1, 0, 0, 0, 1, 0, 0.33, 0]
  cl02    [1, 0, 0, 0, 1, 0, 0, 0]      [1, 0, 0, 0, 1, 0, 0, 0]
  cl03    [0, 0, 0, 0, 0, 0, 0, 0]      [0, 0, 0, 0, 0, 0, 0, 0]
  cl04    [0, 0, 0, 0, 0, 0, 0, 0]      [0, 0, 0, 0, 0, 0, 0, 0]
  cl05    [0, 0, 0, 0, 1, 0, 0, 0]      [0, 0, 0, 0, 1, 0, 0, 0]
  cl06    [0, 0, 1, 0, 0, 0, 0, 0]      [0, 0, 1, 0, 0, 0, 0, 0]
  cl07    [0, 0, 0, 0, 0, 0, 2, 0]      [0, 0, 0, 0, 0, 0, 0.67, 0]
  cl08    [0, 0, 0, 0, 1, 0, 0, 0]      [0, 0, 0, 0, 1, 0, 0, 0]
  cl09    [0, 0, 0, 0, 0, 0, 0, 0]      [0, 0, 0, 0, 0, 0, 0, 0]
  cl10    [0, 0, 0, 2, 1, 0, 0, 0]      [0, 0, 0, 2, 1, 0, 0, 0]
  cl11    [0, 0, 0, 0, 0, 0, 0, 0]      [0, 0, 0, 0, 0, 0, 0, 0]
  cl12    [0, 0, 0, 0, 0, 0, 0, 0]      [0, 0, 0, 0, 0, 0, 0, 0]
  cl13    [0, 0, 0, 0, 0, 1, 0, 0]      [0, 0, 0, 0, 0, 1, 0, 0]
  cl14    [0, 0, 0, 0, 0, 0, 0, 0]      [0, 0, 0, 0, 0, 0, 0, 0]
  cl15    [0, 0, 0, 0, 0, 0, 0, 0]      [0, 0, 0, 0, 0, 0, 0, 0]
  cl16    [0, 0, 0, 0, 0, 0, 0, 0]      [0, 0, 0, 0, 0, 0, 0, 0]
  cl17    [0, 0, 0, 0, 0, 0, 0, 0]      [0, 0, 0, 0, 0, 0, 0, 0]
  cl18    [0, 0, 0, 1, 0, 0, 2, 0]      [0, 0, 0, 1, 0, 0, 0.67, 0]
  cl19    [0, 0, 0, 0, 1, 0, 0, 0]      [0, 0, 0, 0, 1, 0, 0, 0]
  cl20    [0, 0, 0, 0, 1, 0, 0, 0]      [0, 0, 0, 0, 1, 0, 0, 0]
  41e    [0, 0, 0, 0, 0, 0, 0, 0]      [0, 0, 0, 0, 0, 0, 0, 0]
  42e    [0, 0, 0, 0, 0, 0, 0, 0]      [0, 0, 0, 0, 0, 0, 0, 0]
  43e    [0, 0, 0, 0, 0, 0, 0, 0]      [0, 0, 0, 0, 0, 0, 0, 0]
  44e    [0, 0, 0, 0, 0, 0, 1, 0]      [0, 0, 0, 0, 0, 0, 0.33, 0]
  45e    [0, 0, 0, 0, 0, 0, 1, 0]      [0, 0, 0, 0, 0, 0, 0.33, 0]
  46e    [0, 0, 0, 0, 0, 0, 0, 0]      [0, 0, 0, 0, 0, 0, 0, 0]
  47e    [0, 0, 0, 0, 0, 0, 0, 0]      [0, 0, 0, 0, 0, 0, 0, 0]
  48e    [0, 0, 0, 0, 0, 0, 1, 0]      [0, 0, 0, 0, 0, 0, 0.33, 0]
  49e    [0, 0, 0, 0, 0, 0, 0, 0]      [0, 0, 0, 0, 0, 0, 0, 0]
  50e    [0, 0, 0, 0, 0, 0, 1, 0]      [0, 0, 0, 0, 0, 0, 0.33, 0]
Test results from SVM: 
[1.0, 1.0, 0.0, 0.0, 1.0, 1.0, 0.0, 1.0, 0.0, 1.0, 0.0, 0.0, 1.0, 0.0, 0.0, 0.0, 0.0, 1.0, 1.0, 1.0, 0.0, 0.0, 0.0, 0.0, 0.0, 0.0, 0.0, 0.0, 0.0, 0.0]
       filename    truth    SVM class         attributes
          cl01    errors     errors              2.3
          cl02    errors     errors              2.0
          cl03    errors      clean              0.0
          cl04    errors      clean              0.0
          cl05    errors     errors              1.0
          cl06    errors     errors              1.0
          cl07    errors      clean              0.7
          cl08    errors     errors              1.0
          cl09    errors      clean              0.0
          cl10    errors     errors              3.0
          cl11    errors      clean              0.0
          cl12    errors      clean              0.0
          cl13    errors     errors              1.0
          cl14    errors      clean              0.0
          cl15    errors      clean              0.0
          cl16    errors      clean              0.0
          cl17    errors      clean              0.0
          cl18    errors     errors              1.7
          cl19    errors     errors              1.0
          cl20    errors     errors              1.0
           41e     clean      clean              0.0
           42e     clean      clean              0.0
           43e     clean      clean              0.0
           44e     clean      clean              0.3
           45e     clean      clean              0.3
           46e     clean      clean              0.0
           47e     clean      clean              0.0
           48e     clean      clean              0.3
           49e     clean      clean              0.0
           50e     clean      clean              0.3
